422

15. 12, 18. 14, 26. 45. 47. Ε 1,18.
2, 1. 11, 3. 14,11. OS 9. 63. quae
Ι 2,10. 3, 5. 11, 5. 14,17. 25, 5.
14. 26, 6. 35, 1. 37, 21. 111 11, 9.
37. 22, 2. 23, 9. 26, 9. 27‚33. 41.
28, 13. 1111 3,18. 4, 53. 7, 8. 10, 7.
13,19. 20. 15,19. E5,45. 51. 94.
8,13. l2,16. 17, 76. CS69. quod
132,2. 1116, 25. H11‚25. 4, 13.
16, 44. 29, 32. E2, 28. 9, 35. 16,
15. 0826. cuius 112, 3. 114, 23.
E12, 19. cuiI24, 3. 6. 33, 10. II
1,15. 16,13. III'1,17. 6,27. 13,
4. 16, 43.' 27, 7. 29', 42. 1'111 4, 2.
12, 11. E9,25. CS 41. quem 12,
38. 4,10. 15, 29. ΙΙ 5, 21. 20, 6.
111 2,11. 3, 32. 7,1. 1111 2, 6. 3,1.
5, 9. 6, 1. 11, 21. 14, 7. Ε12, 23.
17, 9. 10. quam 12, 34. 15, 6. 24,
16.113,18.12,l7.11122,6.E12,
25. 13, ’13. 16, 3. (111οᾶ120, 2. 22,
19. Π 16, 31. 111 29, 48. 30, 3. 1111
821. Ε’.1,.,3355’7 8,19. quo
13,.15 4,19. 34,9.10. 117,6.
1119,15.1111 2,3⁷7. 14, 34. qua
1119, 11. 111111, 5. Ε1, 10. 2, 21.
10, 10. qu012, 22. 1113, 21. Ε11, 5.
CS'5. qui 19,9. 1111 15, 21. quae
(f.) 111q11,41.11113,1o 10,3.12,
1. quae (n.) Ι 19,12. 111 11, 29.
E16, 13. 35. quoriim 112,27.111
24,1'0. E16, 65. quibus 15, 12.
7, 5. 31, 9. 111 11, 7. 24, 12. ΠῙΙ
4, 18. Ε 1, 5. 16, 39. OS 7. quosI
1, 3. 13, 18. 14,10. 11 5,14. 111 3,
11. 4, 8. 11112,14. 17. 4, 51. 5, 26.
11, 35. quas Ι 16, 9. Π 14, 22. 1111
4, 74. 8, 6. 15, 13. Ε2, 37. 5, 21.
quae 113,15.18,14. 22,7. 31, 7.
1112,21.27. III 5, 49. 29, 54. 1'111
7,.208,.14 91. 12,.21 13,14.
E’9, 9. 083. 49. (1011168Εὸ, 63.
11, 2.2 quis E11,9.

qui (interrog.) 11 1, 33. Ε 12, 7.

quia. 11119, 28. 13,10. 11.

quicumque 135, 7.11 13, 2. 111 3, 53.
4, 14. E 15, 17. quaecumque Ι 21,
6. Ε6, 8. quae. .cumqueI27, 14.
quodcumque 111 29, 46. quem.
cumque19,14. 16, 2. qua (†quam)
. . . cumque I 6, 3. quodcumque
Ι 28, 25. quocumque ΠΙ21, 5. qui-
cumque H 14,10. 111 4,14.

quietem Ε17, 65. OS 46.

quietus quieta 131, 7. quietum I 12,
33. quietis 111 3, 35q quietos 111’
29, 40. quietiore 11:10, 11.

INDEX VERBORVM

quilibet quamlibet E 11, 23. quidlibet
1 37, 10. qualibet 111 3, 38.

quin 1 10,13. 11 13, 37. 111 11, 21. E
5, 91. 6, 3.

Quincti H 11, 2.

quindecim OS 70.

Quintilium 124, 5. 12.

quintus quinta '1 13, 16.

quippe 1 31, 13.

Quirinus ΙΠ 3,15. Quirini I 2, 46.
1111 15, 9. Ε16, 13.

Quiritem Π 7, 3. Quiritium Ι 1, 7.
1111 14, 1. Quiritibus 111 3, 57.

(11118 (interroy.) I 5,1. 13,13. 18‚5. 6.
24,1.,.,26327212'2.,297..10
11',.’‚.1297323.,.1118'21.1.6
19. ΙΠ1962925 11115,25

(bis). 26. 27. 7, 17. Ε2, 37. quae'

127, 21. 29,.5 111, 36. HHl4, 1
(bis). quid. 19, 13. 24, 13. 26, 5.
1113, 33. 18, 23. 1119, 17. 27, ’18.
IIH8’,.22 E1,.‚556⁷1.8,2.15.
quod Ε17, 36. 0111118112, 3. cui
12, 29. 5, 4. H16, 27. Ε12, 22.
(1υέ1111225 3,1’.7 11,1('bis).
12,1..3 117 25 qu1d1813 12
13.14,2.31,1....2353435 Π
3,11. 11, 1. 1'1. 13,13. 16,17.18.
17, 6. 18,23. 32.1114,53. 54. 55.
6,.45 71. 8,..12 1130. 24,.33
35. 27,19. 5'8. 28, 2.9, 27. IHI
4, 25 (b1s) 27. 37113,1'8.14,9.
E1‚15.,.‚35417. 5,”.3(bis).9
49 (bis). 6, 1. 12, 1. 2. 16, 24. 17,
30. 53. 60. quodH1,34. quo1
27, 11. 38, 3q ΙΠ 10, 5 (bis). 19,
5. 7. qua12,26. 27,12. 111'
355. 56. quaeH1,33. 1115,
49. 25, 2. quibus 135, 37. ΙΠ25,
3. 111111,13. quos111'25, 2.

(11118 (indefin.) (nequis, siquis, siue
quis)118, 7. ΠΙ27, 45. 51. ΕΒ,
1. 6,15. quaH114,19. quid 111'
15, 7. 24, 64. Ε15, 12. (11111116,
19 32,.1 11112,45. 9,9. E3,.19
(11108 Ε2, 51.

quisquam 1’11 7, 27. 9, 2. quicquam
I 12, 18. 28, 4.

quisque H 13,13. ΠΙ 16, 21. 1111
5, 29.

quisquis Π 1, 25. 2, 23. 10, 5. 11124,
25. 1111 2, 1. quicquid I 1, 10. 10,
7. 11, 3. 24, 20. 27,17. Π 13, 9. ΠΙ
16, 25. Ε 5, 1. .

quiuis quiduis 111 24, 43.

quo (adu.) Ι 4,17. 38, 3. Π 3‚9. 111

Q'ssffl.2ssjkmm 1Q1.2.... ...Ι ,..

