INDEX VERBORVM

elaborabunt III 1, 19. elaboratum
Ε 14, 12.

effigit III 6, 26.

elegos 1 33, 3.

elementa 111 24, 52.

Eleus Elea, 1111 2, 17.

eliciet Π 11, 21. 1111 12, 17.

elocuta 111 3, 17.

eluere IIII 12, 20.

emancipatus E 9, 12.

emirabitur Ι 5, 8.

emouilz 1111 15, 11.

emptor ΙΙΙ 6, 32. ’

ἓῖἶὲἶξὲἓῗᾶῃῗ 4143611·

eneruet E 8, 2.

eniml 7, 28. ΙΙ 5, 13. 16, 9. 111 16, 7.
1111 5, 6. 7, 25. 11, 33. 13, 9.

Enipeus 111 7, 23.

enitescis ΙΙ 8, 6.

enitor enitar ΙΙΙ 27, 47. enisus III

ensis I 16, 10. III 1, 17. ensem I 37,
23. ense E 17, 71. enses E 7, 2.
enses (accus.) 1111 15, 19.

eo 151111 5, 7. eunt ΙΙ 14, 5. eat III
10, 10. eamus Ε 16, 36. i ΙΙΙ 11,
49. 50. 14, 17. ire Ι 2, 15. ΙΙΙ 16,
9. 27, 15. 43. Ε 16, 21. euntium
E4, 9. ibis E 1, 1. ibit ΠΙ 20, 6.
ibimus I 7, 26. Π 17, 10 (bis).
iturus Ε 9, 30. iburum Ι 35, 29.

eodem (adu.) H 3, 25. III 1, 38.

Eois 1 35, 31. E 2, 51.

Ephesum I 7, 2.

epulis I 36, 15. 1111 8, 30. epulas III

equa II 16, 35. III 11, 9.

eques Ι 20, 5. 111 2, 4. 12, 8. E4,15.
16, 12. 17, 74. equitem ΠΙ 1, 40.
IIII 11, 27. equitum 11 1, 20. 16,
22. ΠΙ 16, 20.

equino III 4, 34. equina E 8, 8.

equitet I 8, 6. equitare Ι 2, 51. H 9,
24. equitauit 1111 4, 44.

equ6s IIII 3, 4. equo III 24, 54. IIII
6,13. equom IIII 2,18. equom 111
7, 25. 1111 14, 24. equorum Ι 25,
14. equos Ι 34, 8. Π 1, 20. Ε 9,
17. equis 16, 3. 7, 9. 12, 26. 15,
9. 25. 19, 11. ΠΙ 3, 16. 1111 4, 30.

eradenda ΙΙΙ 24, 51.

ergo 124, 5. 11 7,17. E2, 9. 17,27.

erile ΠΙ 27,,63.

eripiunt IIII 8, 32. eripe ΠΙ 29, 5,.
eripuit II 17, 24. eripi ΙΙ 12, 27.
ereptus E 2, 60. ereptum 11118‚ 25.

389

erro I 34, 3. errat III 18, 13. errem
111 27, 51. errare ΙΙΙ 4, 7. errans
Π 14, 18. errantis E 2, 12.

erubescendis I 27, 15.

erum II 18, 32.

erutas E 5, 17.

Erycina Ι 2, 33.

Erymanthi 1 21, 7.

Esquilini E 17, 58. Esquilinae E
5, 100.

et I 1, 16. 23. 2, 2. 9. 11. 18. 34. 35.
39. 3, 8. 9. 19. 30. 4,1.17. 20. 5, 6.
6,1. 11. 7, 6. 13 (bis). 27. 8, 16.
9,13. 10, 3. 5. 15. 20. 11, 6. 12,15.
22. 31. 37. 41. 42. 43. 56. 13, 6. 17.
14, 5. 15, 8. 11. 12. 17. 18. 16,
15. 18. 24. 17, 2. 6. ll. 14. 18.
27. 18, 2. 15. 19, 3. 8. 11. 20, 6.
9. 21, 5. 14. 22,10. 23, 4. 24, 6.
25, 6. 13. 26,1. 27, 5. 8. 28,1.

' 9. 16. 24. 29, 2. 12. 14. 30, 2. 5. 7.

31, 13. 32, 9 (bis). 11. 13. 34, 1.
9. 10. 13. 35,10.11. 18. 21. 25.
30. 33. 37, 8. 26. ΙΙ 1, 2 (bis). 4.
7. 14. 23. 25. 2, 11. 15. 21. 3, 13
(bis). 15 (bis). 17. 19. 22. 27. 4.
10. 15. 21. 5,14. 6,1. 2. 7. 11.
18. 21. 7, 9. 11. 8,10. 14. 9, 8.
18. 20. 10,10. 11,1. 6. 14. 12, 5.
15. 13, 9. 17. 18. 22. 23. 26. 31.
35. 37. 14, 3. 18. 21 (bis). 26. 15, 5.
6.11.19.16‚ 11.23. 26. 31. 37. 39.
18, 9. 18. 24. 19, 3. 10. 16. 25.
31. 20, 10. 17. 18. 22. 111 1,1.15.
37. 39. 45. 2, 3. 5. 8. 13. 14. 23.
25. 3‚1. 9. 20. 24. 35. 41. 49. 64.
71. 4, 1. 6. 15. 18. 25. 31. 34. 36.
46. 53. 59. 64. 5, 6. 9. 10 (bis).
1215. 19. 23. 34. 43. 6, 3. 9.11.
14. 18 (bis). 22. 23. 35. 39. 42. 7, 10.
19. 31. 8, 2. 6. 14. 16. 26. 9, 10.
22. 10, 7. 11,11. 14. 26. 35. 39.
49. 50. 51. 12, 11. 13, 12. 14, 7
(bis). 10. 17. 18. 26. 15, 6. 16,2
6.7. 10. 14. 23. 30. 17, 3. 7. 10. 15,
18, 2. 19, 3. 4. 7. 24. 20, 13. 21,
3. 15. 18. 21. 23, 3. 10. 20. 24, 2.
4. 11. 13. 22. 24. 26. 46. 48 (bis).
52. 60. 25, 6. 10. 13. 26, 2. 7 (bis).
9. 27, 2. 14. 19. 22. 23. 26. 29.
32. 46. 61. 67. 28, 10. 12. 14. 29,
3. 6. 7. 9. 12. 1519. 22. 26. 27.
37 (bis). 49. 54. 59. 30,5. 11. 15.
ΠΗ 1, 17. 22. 2,19. 22. 41. 46.
3,11. 16. 24. 4, 5. 29. 38. 39.
46. 52. 71. 5, 8. 13. 22. 30. 31.
34. 36. 6, 3. 15. 34. 7, 3. 7. 11.

