INDEX VERBORVM

quaero 116, 26. ΙΠ 27, 55. 29, 56.
quaeris H'H 1,12. quaerit III 6,
25. 29, 22.1111⁷5‚ 16. Ε2, 70. quae
rimus HI 24, 32. quaeritis E 16,
16. quaerunt Ι 17, 6. quaere Π 1,
40. quaerere I 9, 13. Π 11, 4. 1111'
4, 21. quaerens Ι 37, 22. quaerenti
Ι 23, 2. E 12, 17. quaerentem ΙΠ
4, 39. quaeret ΠΙ 24, 27. Ε 15,
14. quaesieris Ι 11, 1. quaesitam
ΠΙ 30,15.

qualisII'I2o,15. ΙΙΠ 1, 3. 14, 20. Ε
2, 41. 6,5. 13. quale E5,13. qua-
lem [11141. 13. uale 12213. Ε
5, 59. quales E8q 8.

qualum ΠΙ 12, 4.

quam Ι 7,12. 11, 8. 13, 8. 24, 10. 33,
9. 36, 7. Π 2,10. 13, 21. ΠΙ 3, 51.
5, 53. 16, 26. 41. 1111 8, 20. 11, 30.
E2,55. 5, 81. 10, 12. 12,6. 7. 2024.

quamquam I 28, 35. Π 19, 25. III 9,
21. 16, 33. 21, 9.

quamuis Ι 14, 11. 28, 11. ΠΙ 7, 25.
10,13. 11, 17. ΠΗ 2, 39. 6, 6.

quando Ι 24, 8,111 17,2. Ε 9,1. 16, 27.

quandoque 1111 1, 17. 2, 34.

quantus I 15, 9 (bis). E 10, 7. 15.
quanta E 4, 1. 11, 8. quantum I
27, 6. Π5, 17.11119‚1.E5,35.
17, 31. quanto ΙΙΙ 16, 21. 20, 1'. 27,
17.(11121152 I 27,19 quanta⁷ (acc.)

, Ι 15,10. quantis 1111 14, 19.

quaterius ΠΙ 24, 30.

quater I 31, 13.

quatit Ι 16, 5. ΙΠ 3, 4. 29, 53. (1112
tiunt Ι 4, 7. 25, 1. quatiam I 18,
12. quaties I 12, 58. quatient ΙΠΙ
1, 28. quateret ΠΙΙ 6, 7. quassas
I 1, 18. ΠΠ 8, 32.

que Ι 1,4. 5. 24. 31. 2,16. 38. 45. 3,
3. 32. 4, 2. 6. 1416. 5, 6. 6,10. 7,
9. 18. 21. 26. 30. 9, 3. 19. 23. 10,6.
15. 18. 12, 10. 15. 25. 30. 37. 40.
14, 6. 18. 15,12. 14. 18. 34. 16,
20. 28. 17, 4. 20. 28. 18, 6. 16.
19, 2. 14. 21, 3. 10. 11. 12. 14.
22,1. 19. 24, 7. 25, 3. 27, 3. 16.
28, 1. 5. 8. 9. 15. 27. 29. 32. 34.
29, 4. 30, 1. 6. 8. 31,16. 32, 9.
11. 34, 8. 11. 35, 11. 16. 20. 32.
34. 40. 36, 9. 37, 11. 14. Π 1, 2.
20. 31. 2, 19. 22. 3, 9. 18. 4, 21.
5, 24. 6, 8. 15. 17. 7, 4. 18. 8, 7.
11. 22. 9, 21. 23. 10, 11. 11, 8.
16. 12, 6. 9211. 13, 4. 20. 23. 14,
4. 8. 14. 19. 15, 4. 12. 16, 33. 17,
4. 16. 24. 31. 18, 10. 16. 20. 28.

421

34. 19, 3. 6. 10. 14. 24. 26. 28.
32. 20, 4. 11. 12. 15. 16. 20. 22.
ΠΙ 1, 4. 12. 20. 23. 30. 36. 44.
2, 5. 23. 28. 3,19.23. 29. 38. 40.
43. 56. 59. 68. †4, 4. 4,11. 15.
43. 46. 51. 55. 63. 74. 5, 4. 7. 11.
23. 36. 42. 47. 6, 3. 20. 35. 36.
8,.3 9,.182011’,3..1013.19.
2'1. 28 12,.5 14,’.9.,15316,2.
18. 29 18,3. 21,18. 2223 ’22,
1 3. 23, 4’ 16. 24, 15. 39. 44. 56.
61. 25, ’15. 26, 3. 27,4.15. 21.
27. 35. 54. 65. 70. 28, 4. 14. 29,
12. 14. 22. 23. 28. 31. 37. 39. 42.
47. 55. 60. 64. 30, 2. 6. 1111 1,
22. 2, 7. 11. 13. 23. 28. 30. 38.
41. 43. 49. 51. 53. 4, 7. 23. 34.
49. 60. 67. 5,13. 18. 6, 2. 11. 21.
30. 31.35.39. 7, 2. 5. 8,1.16.23.

9, 7. 8. 11. 15. †20. 24. 27. 35. »

36. 39. 49. 50. 11, 17. 23. 12, 11.
19. 26. 13, 4. 21. 14, 4. 11. 15.
27. 31. 39. 42. 44. 46. 50. 15, 11.
14. 25. 27. 31. E1,31. 2, 7. 13.
27. 30. 35. 45. 65. 4, 15. 5, 20.
21. 33. 46. 79. 87, 93. 7, 16. 18.
8, 5. 9. 9,15. 19. 27. 37. 10, 6.
16. 12, 10. 11. 12. 26. 13, 2. 4.
17. 15, 9. 20. 22. 16, 6. 8. 10. 13.
19. 30. 34. 46. 50. 53. 17, 7. 19.
29. 43. 50. 72. 75. 80. CS 1. 6.
10. 17. 19. 22. 23. 25. 26. 29. 33.
37. 49. 50. 53. 54. 57. 59. 62. 67.
69 (bis). 73. 74. que-que I 26,
12. 35,10. Π 1, 3. ΙΠ 4,19. 47.
ΙΙΠ 2, 22. 4, 55. OS 47. 66.

queant Ε 11, 25.

querofis (accus.) Ι 12, 12. ΙΙΙ 23, 10.
ΠΠ 13, 10.

querellam ΙΠ 11, 52. querellarum ΙΙ
9, 18. querellas HI 21, 2. querel-
lis H 17, 1.

querimoniae H 20, 22. III 24, 33.
querimoniis I 13, 19.

queror queruntur E 2, 26. querenti
I 2, 17. ΙΠ 27, 66. querentem ΙΙ
13, 24. querebar Ε 11, 12. questus
Ε 5, 11. questae Ι 2, 6.

querqueta Π 9, 7.

querulae III 7, 30.

questu I 25, 16.

qui (relat.) Ι 1, 19. 3, 10. 18. 19. 5,
9. 10. 10, 2. 12, 14. 15. 32, 6. 36,
4. Π 13, 10. 14, 7. 20, 17. ΠΙ 2,
26. 4, 45 (bis). 61. 62. 5, 33. 35.
17, 6. 19, 13. 26, 5. 1111 2, 55. 4,
41. 6, 26. 8,18. 9, 47. 10, 4. 11,

